0.00 319.64 367.23 398.02 535.41 333.84 392.00 323.20 245.00 350.17 325.52 452.61 101.86 321.68 334.65 382.31 197.75 369.79 354.83 365.90 360.94 467.67 262.30 345.03 368.24 269.72 412.59 412.65 742.10 302.53 139.60 386.43 321.47 213.44 341.42 295.50 348.83 296.58 315.24 311.31 462.23 380.29 324.36 286.87 160.58 461.79 319.71 414.22 243.43 316.31 385.19 318.69 644.42 302.05 453.00 454.84 526.15 317.67 302.16 313.23 411.11 416.30 410.60 389.33 343.11 373.73 133.99 315.37 327.05 483.39 324.83 282.62 423.23 447.09 310.42 260.32 282.65 317.62 352.79 382.89 239.36 246.16 335.56 438.78 330.77 316.08 121.61 458.19 327.94 406.16 356.57 357.76 344.10 555.01 618.51 374.57 294.44 286.39 292.45 260.15 371.22 380.33 336.47 320.89 332.81 301.95 321.89 336.11 491.95 243.59 405.17 252.09 476.77 333.35 314.06 493.67 297.92 381.28 299.83 380.32 259.79 306.05 324.99 362.69 309.01 389.91 242.57 342.42
319.64 0.00 89.97 96.00 225.86 54.81 143.62 99.58 92.11 175.79 103.27 135.76 256.01 36.38 173.25 63.62 217.33 71.02 124.77 73.71 59.18 189.43 82.86 35.73 79.79 147.31 276.33 112.22 428.98 72.43 207.06 207.66 25.26 143.40 173.34 39.46 117.18 111.18 164.25 101.82 213.57 260.20 17.65 150.24 164.44 142.31 50.22 239.94 81.34 8.82 79.01 22.32 350.98 23.67 134.03 165.90 273.64 115.24 205.97 33.94 101.13 122.57 106.82 102.89 109.70 105.87 204.75 81.34 26.47 197.44 7.89 197.32 130.44 129.42 67.88 60.23 51.29 8.82 192.69 67.07 80.96 75.89 24.00 120.78 11.16 14.23 213.54 142.26 160.22 101.44 173.07 48.00 167.49 386.47 335.58 58.26 200.02 202.00 62.39 61.76 52.94 72.75 76.61 67.88 19.73 27.90 8.82 89.97 195.22 76.61 90.06 67.88 267.28 14.23 40.62 201.38 87.34 139.44 121.87 127.49 145.51 54.81 39.06 76.61 12.48 91.09 96.00 60.10
367.23 89.97 0.00 40.24 170.39 39.65 54.81 187.11 122.57 108.56 53.67 105.28 284.79 59.18 261.24 96.32 217.04 28.45 49.91 142.53 36.38 106.24 105.06 108.34 14.23 236.80 201.38 49.44 376.65 64.71 277.03 130.26 67.54 159.25 110.05 128.46 200.33 82.95 253.53 65.31 123.89 192.36 72.75 117.71 206.87 126.81 52.64 321.17 129.00 84.35 131.87 71.46 372.58 86.80 115.03 211.74 185.48 68.91 295.92 67.19 59.71 174.01 152.25 22.32 43.40 178.90 237.29 53.08 64.23 240.39 82.39 287.16 180.68 103.79 56.90 121.55 91.09 98.64 126.07 61.76 149.36 129.78 102.36 98.95 84.99 79.79 248.70 107.33 103.27 48.80 102.58 50.53 102.43 299.08 366.79 62.39 289.99 291.89 75.89 118.70 95.02 42.50 30.82 155.44 71.13 82.95 81.34 35.29 124.77 136.05 67.54 130.14 338.15 81.34 129.78 238.34 177.24 53.08 87.34 39.46 130.62 63.74 125.39 14.23 100.59 31.81 124.77 31.56
398.02 96.00 40.24 0.00 137.42 64.23 77.82 181.88 153.47 144.70 93.79 65.07 319.81 77.82 254.73 74.44 256.01 28.45 87.16 127.06 38.86 95.43 136.74 100.59 31.81 240.71 231.18 16.27 344.08 98.64 298.46 160.66 81.34 194.94 147.31 135.07 189.80 122.38 249.95 104.84 128.82 225.86 82.39 157.92 237.56 86.89 78.32 305.88 155.49 93.79 110.55 84.99 334.26 102.58 75.07 181.67 182.78 109.13 295.18 86.62 19.73 147.89 125.58 24.95 83.23 162.49 270.98 90.06 76.20 208.48 88.23 289.00 153.68 63.62 89.97 142.97 116.04 103.27 161.77 38.86 169.48 154.33 98.95 59.18 87.16 91.09 281.91 67.42 142.10 8.82 137.81 48.00 139.50 314.91 330.16 44.99 290.21 293.28 106.02 141.44 77.72 23.67 67.07 151.79 76.61 100.59 89.02 74.86 99.82 159.05 31.81 151.79 315.57 83.23 130.26 204.75 177.95 81.34 127.36 67.42 169.98 92.11 122.88 37.22 108.34 8.82 156.24 55.80
535.41 225.86 170.39 137.42 0.00 201.57 167.86 288.00 290.64 242.07 220.18 93.79 455.18 214.66 351.51 176.14 384.10 165.76 199.67 223.20 175.21 99.35 273.64 215.86 167.49 356.96 291.97 122.88 206.76 234.36 432.67 236.11 216.68 329.64 248.45 261.63 284.77 250.94 352.95 233.59 146.20 301.52 215.86 279.47 374.89 102.59 215.71 376.90 292.77 226.11 198.69 220.00 286.92 237.56 103.27 218.44 148.31 233.09 400.86 223.37 125.89 210.04 193.37 148.10 204.64 248.70 407.33 223.47 211.23 229.56 218.86 399.58 210.93 101.44 226.00 279.05 253.32 231.21 254.73 158.81 304.50 291.25 219.82 110.05 215.28 224.66 418.53 86.17 250.78 129.42 233.32 180.68 241.07 314.09 300.10 167.63 397.88 402.87 243.13 277.99 185.95 156.49 200.95 264.12 208.48 236.37 220.74 204.60 56.49 295.47 135.88 287.81 362.05 211.74 250.82 217.04 293.81 178.29 252.79 171.30 297.70 229.39 240.81 173.07 238.21 145.51 293.28 193.01
333.84 54.81 39.65 64.23 201.57 0.00 89.97 154.33 89.28 123.89 52.94 123.83 256.46 20.12 228.06 84.35 198.42 36.38 70.25 119.28 30.05 145.51 72.75 81.34 35.29 199.05 223.27 78.91 408.29 37.43 238.34 153.68 30.05 132.63 122.57 91.09 170.76 71.13 218.83 56.49 162.54 209.15 37.22 111.11 173.34 139.94 14.23 293.28 92.03 47.67 115.03 33.71 374.85 47.51 129.00 201.07 224.90 67.42 259.57 27.62 78.91 159.78 139.83 58.66 55.80 154.68 207.13 35.73 28.45 231.58 48.16 249.85 167.21 120.00 28.72 82.39 52.94 63.62 141.27 60.36 110.05 91.77 72.54 112.98 53.08 42.50 217.90 128.03 111.18 72.54 120.26 35.51 116.04 331.73 364.73 55.38 253.29 254.73 41.94 79.89 78.62 49.44 22.32 122.57 39.06 43.40 46.01 36.38 160.61 97.45 77.72 91.09 316.48 50.22 95.43 232.22 141.44 84.99 79.79 73.71 115.51 27.90 93.12 30.05 63.74 56.08 92.11 8.82
392.00 143.62 54.81 77.82 167.86 89.97 0.00 241.75 155.04 75.89 67.42 132.34 301.44 110.05 315.87 147.89 220.85 81.34 37.22 196.57 90.83 78.12 137.81 163.11 67.88 289.00 153.52 74.86 366.15 99.35 316.56 83.61 119.81 178.64 81.34 181.02 255.12 95.43 307.76 81.34 75.38 150.24 126.07 114.69 235.22 157.92 99.89 375.66 167.40 137.25 184.14 123.58 407.03 136.96 146.41 259.36 140.11 74.44 349.36 116.85 95.35 224.31 202.11 53.67 49.91 232.92 258.49 83.70 117.31 286.29 136.28 339.82 230.47 133.98 94.78 165.71 134.15 152.40 90.83 111.74 193.37 170.39 157.13 132.28 139.44 132.28 270.67 131.16 82.95 82.95 67.54 105.06 73.71 244.28 405.55 114.42 343.17 344.69 114.69 161.82 148.10 92.11 71.46 210.01 125.39 132.34 134.84 63.25 113.05 177.95 109.63 173.65 390.63 135.88 183.92 282.32 230.91 11.16 93.12 16.27 136.96 106.60 179.99 69.02 153.47 73.39 156.09 83.61
323.20 99.58 187.11 181.88 288.00 154.33 241.75 0.00 160.66 273.93 201.57 194.78 289.00 135.76 74.13 114.42 281.36 163.49 224.34 65.07 152.40 277.03 161.05 81.34 175.12 72.43 374.89 196.57 475.60 167.40 187.45 306.97 124.77 207.13 270.75 70.25 27.62 204.14 68.11 198.11 308.18 357.11 117.11 239.90 197.28 187.57 149.15 143.62 139.94 107.33 89.97 121.55 321.32 114.42 184.94 133.51 364.64 212.11 114.49 131.87 178.64 100.59 104.24 195.89 209.15 53.08 240.71 178.90 125.89 160.61 106.24 111.60 106.02 186.95 164.82 118.24 134.96 90.83 290.37 144.00 112.98 131.16 84.99 178.64 102.36 112.85 245.13 202.61 256.67 184.22 271.79 138.55 265.41 485.56 295.71 136.96 110.55 115.03 153.68 123.52 106.82 158.86 176.19 31.81 116.51 120.00 108.34 189.43 272.36 124.77 162.20 118.70 182.18 105.87 59.18 171.89 27.62 238.37 215.28 225.86 228.06 150.76 61.76 173.07 92.45 179.95 164.25 159.05
245.00 92.11 122.57 153.47 290.64 89.28 155.04 160.66 0.00 142.59 88.23 211.48 168.56 79.89 222.53 153.47 126.32 125.58 120.00 161.82 117.71 225.97 17.65 126.81 123.26 170.76 238.37 167.77 497.39 58.26 162.54 181.88 82.95 51.44 136.05 93.79 186.11 67.54 207.13 75.38 229.83 213.86 88.67 88.67 84.44 224.66 75.38 302.47 22.32 85.17 170.80 81.34 443.07 68.91 214.55 256.58 294.86 86.80 235.42 72.43 167.77 213.21 198.69 144.49 105.28 188.11 118.37 72.54 88.23 288.14 93.79 220.18 221.09 206.87 65.67 42.50 42.50 95.02 154.74 143.46 56.08 30.82 115.03 199.16 101.44 82.39 128.82 216.29 119.81 161.82 144.70 117.11 133.98 369.39 427.02 136.05 227.38 225.69 47.51 37.43 143.62 137.42 92.03 136.05 97.45 66.14 89.97 93.79 247.32 39.06 164.20 42.68 342.20 102.43 112.22 292.93 136.05 145.51 76.61 141.00 69.80 61.38 118.96 117.71 86.89 145.18 3.95 97.69
350.17 175.79 108.56 144.70 242.07 123.89 75.89 273.93 142.59 0.00 72.54 205.51 252.42 139.61 345.71 202.92 161.96 136.28 58.66 243.09 141.16 146.47 129.78 205.21 122.38 305.44 101.06 146.47 434.55 107.33 300.51 39.65 150.76 142.91 8.82 205.21 292.96 76.20 333.91 76.61 120.00 85.36 159.25 64.23 205.78 230.06 125.58 415.71 162.20 167.40 236.87 153.47 478.77 159.64 218.29 319.69 179.47 62.39 369.50 142.31 164.11 280.61 259.39 120.00 69.02 278.58 217.33 95.02 151.07 348.75 170.39 356.50 287.62 206.12 109.13 171.17 143.46 184.14 17.65 169.98 194.90 168.56 196.01 203.11 176.32 161.82 229.79 205.21 23.67 151.79 8.82 153.68 8.82 226.83 474.67 169.48 362.16 361.83 122.57 165.90 199.67 151.02 101.82 242.87 162.68 154.08 167.49 87.61 186.11 177.33 175.12 176.67 440.35 173.78 214.99 346.90 256.46 67.19 66.14 79.01 92.11 123.26 214.84 120.19 181.54 137.81 141.66 122.57
325.52 103.27 53.67 93.79 220.18 52.94 67.42 201.57 88.23 72.54 0.00 158.86 237.56 67.19 273.84 136.05 164.44 74.97 31.81 171.89 75.89 142.26 71.46 133.51 63.62 236.77 173.34 102.59 424.66 37.43 250.57 106.24 78.32 112.85 70.25 133.51 220.42 30.82 262.67 14.23 141.66 157.13 86.89 64.23 167.86 179.69 53.08 343.17 102.59 94.86 167.86 80.96 422.64 87.61 168.00 253.29 206.72 15.78 299.97 69.80 112.98 212.48 192.16 74.13 17.65 206.87 192.65 23.01 78.91 283.45 98.01 288.05 219.82 157.08 37.22 105.28 74.86 111.60 89.45 107.19 131.69 106.82 123.89 151.79 104.17 89.28 204.64 161.00 58.26 102.43 70.25 86.17 64.23 290.93 414.59 104.46 292.96 293.25 53.67 100.59 131.16 90.75 32.54 170.39 90.83 82.10 95.02 19.73 170.21 115.03 118.63 112.22 368.82 101.82 142.53 283.31 184.94 57.45 33.71 54.81 77.82 51.44 142.31 59.32 109.13 85.17 89.02 53.67
452.61 135.76 105.28 65.07 93.79 123.83 132.34 194.78 211.48 205.51 158.86 0.00 379.80 131.87 260.53 82.39 320.20 88.23 150.14 130.44 94.12 108.84 195.89 122.38 96.08 263.20 283.23 59.18 293.28 160.61 342.56 215.31 131.16 256.46 209.15 169.43 193.37 187.16 260.68 169.71 157.13 282.46 128.46 222.99 293.59 26.47 136.79 294.47 209.41 137.42 106.53 133.92 274.75 150.76 16.74 146.78 193.70 174.19 308.39 139.94 46.18 126.07 106.24 87.16 147.89 158.61 329.85 153.88 125.58 167.40 129.42 306.36 129.00 7.89 151.79 192.69 170.76 140.11 221.83 69.80 216.29 206.46 127.06 16.27 124.77 136.96 340.17 7.89 205.51 56.49 197.91 95.02 201.26 346.36 274.78 78.32 305.06 309.80 165.24 192.53 92.36 74.45 131.16 170.35 120.26 150.66 131.87 139.83 84.99 209.41 47.51 201.19 290.29 121.55 157.53 159.64 200.02 138.99 192.41 126.50 234.62 151.02 147.31 101.13 147.74 73.71 214.66 116.51
101.86 256.01 284.79 319.81 455.18 256.46 301.44 289.00 168.56 252.42 237.56 379.80 0.00 248.45 322.53 319.42 96.00 292.77 264.38 315.97 285.75 378.96 183.92 287.24 288.46 255.58 310.80 332.95 661.27 221.27 144.86 287.24 251.06 125.58 243.61 242.26 316.53 207.13 302.99 223.47 368.10 278.46 256.01 190.86 93.79 393.15 243.09 407.37 174.72 250.57 330.70 249.10 601.09 234.69 383.11 410.53 430.77 227.38 305.75 240.91 335.37 368.55 358.09 307.10 254.64 332.79 51.29 231.72 256.46 441.23 259.39 285.75 376.16 375.35 229.86 196.37 210.45 256.46 253.53 312.00 183.76 180.29 276.22 367.70 266.49 248.82 44.11 384.36 231.18 328.43 259.39 285.67 247.03 453.18 580.36 304.50 297.05 290.72 214.66 194.30 308.92 305.47 254.27 277.03 264.82 233.02 255.85 251.10 407.48 181.02 332.67 189.80 462.71 268.21 262.31 448.84 261.48 290.40 208.33 291.49 165.24 228.88 272.10 282.90 247.66 311.20 165.24 264.38
321.68 36.38 59.18 77.82 214.66 20.12 110.05 135.76 79.89 139.61 67.19 131.87 248.45 0.00 209.12 79.01 197.32 49.44 88.67 105.87 39.46 164.11 65.31 67.07 52.64 178.95 240.00 93.54 420.87 40.24 221.27 171.30 11.16 127.49 137.42 71.13 153.47 78.62 199.40 67.07 182.57 224.31 19.73 118.70 161.91 144.86 14.23 276.22 78.32 28.45 105.28 14.23 371.64 27.62 134.67 192.69 244.66 79.89 239.68 8.82 89.45 150.24 131.69 76.61 73.39 140.11 198.15 46.01 12.48 223.79 30.82 229.79 157.92 127.06 33.71 65.31 39.06 44.99 156.63 63.62 92.36 76.61 56.90 119.28 37.22 23.01 208.33 136.96 124.77 85.36 136.74 37.22 131.39 351.16 359.39 56.49 233.32 234.69 36.38 63.62 71.13 58.66 40.62 104.17 24.95 24.00 27.90 53.67 176.67 81.24 84.44 74.13 302.04 35.29 76.61 225.76 121.80 104.84 88.67 93.79 118.43 23.67 75.38 48.00 44.11 70.58 83.23 27.62
334.65 173.25 261.24 254.73 351.51 228.06 315.87 74.13 222.53 345.71 273.84 260.53 322.53 209.12 0.00 184.22 333.72 237.39 297.78 131.16 226.42 349.29 226.42 154.74 249.20 67.19 446.76 268.91 527.96 238.47 195.30 379.80 198.26 263.29 342.02 140.50 67.19 273.64 19.73 269.28 381.93 427.60 190.86 307.10 238.47 249.07 222.15 85.17 200.45 180.68 154.08 194.90 329.10 186.24 248.60 162.49 437.41 283.45 54.81 204.64 249.95 146.41 159.05 269.69 282.35 102.89 279.47 250.94 199.67 179.95 180.12 64.23 148.52 252.64 236.73 181.88 203.84 164.44 361.73 216.29 168.56 191.76 159.05 244.91 176.45 186.11 280.91 268.42 327.39 256.46 344.06 212.48 337.06 559.58 296.58 209.75 56.08 64.23 223.82 187.45 178.03 232.09 249.70 105.87 190.58 191.76 182.05 262.67 341.61 183.92 232.92 179.95 142.53 179.99 132.63 194.94 89.45 312.40 284.79 299.97 292.08 222.53 135.88 247.19 165.24 253.29 225.69 233.02
382.31 63.62 96.32 74.44 176.14 84.35 147.89 114.42 153.47 202.92 136.05 82.39 319.42 79.01 184.22 0.00 275.68 67.88 144.86 53.67 61.76 165.95 141.66 40.62 82.10 181.07 297.70 86.53 372.91 118.43 264.38 226.59 72.00 203.84 203.11 89.97 117.71 155.14 181.88 140.83 203.11 287.81 65.07 195.30 228.06 82.10 90.83 231.48 144.70 68.91 36.38 72.75 292.64 84.99 75.89 117.31 254.54 151.22 228.88 83.70 66.14 77.82 56.49 95.02 134.21 88.23 268.21 120.00 67.54 147.42 60.10 225.45 84.72 74.86 110.76 123.83 111.11 64.71 220.56 36.38 142.97 139.50 47.51 66.14 52.94 71.13 277.12 89.97 193.49 74.13 197.75 49.91 195.93 389.03 280.83 33.94 224.93 229.15 115.03 125.33 11.16 55.80 103.57 88.23 56.49 87.34 63.74 117.31 158.02 140.11 48.80 131.34 242.74 51.29 75.89 147.89 117.71 148.52 164.11 134.38 197.28 102.66 65.31 83.23 73.39 75.79 157.23 82.39
197.75 217.33 217.04 256.01 384.10 198.42 220.85 281.36 126.32 161.96 164.44 320.20 96.00 197.32 333.72 275.68 0.00 232.29 185.48 288.14 228.33 298.85 134.67 252.64 224.34 272.10 214.84 266.47 586.62 161.00 199.16 194.10 203.69 75.38 153.22 218.76 308.16 134.15 315.87 151.79 281.00 182.57 210.93 106.16 103.27 338.15 187.57 417.64 143.40 209.71 296.34 203.11 567.74 193.70 326.98 382.74 341.42 151.02 332.67 192.00 274.07 339.34 324.14 238.37 179.47 313.72 81.34 166.32 208.22 414.30 217.90 314.19 347.23 317.27 169.71 166.88 166.14 220.99 160.61 258.52 168.56 151.79 240.81 310.80 225.76 206.12 91.09 323.30 142.97 264.82 169.71 232.55 157.82 357.29 552.89 252.64 323.92 319.69 160.95 162.54 266.73 247.10 189.10 260.11 219.29 190.04 213.97 181.75 332.23 157.08 275.77 164.11 463.38 226.14 237.92 418.70 254.73 209.71 131.34 213.86 86.62 174.19 245.13 219.15 213.06 247.19 122.38 204.64
369.79 71.02 28.45 28.45 165.76 36.38 81.34 163.49 125.58 136.28 74.97 88.23 292.77 49.44 237.39 67.88 232.29 0.00 77.72 115.24 11.84 118.43 109.13 82.95 14.23 217.90 229.83 44.11 372.33 72.43 270.44 158.71 53.67 168.56 137.25 110.48 174.77 100.59 230.91 83.70 144.75 220.56 55.80 138.60 209.41 106.24 50.22 294.47 127.06 67.54 103.57 57.45 347.77 74.86 94.86 183.54 203.11 90.75 274.75 58.26 42.68 145.56 123.83 32.54 68.91 151.58 243.51 66.14 48.80 212.48 63.13 267.28 152.25 84.99 63.62 114.69 87.61 79.01 153.88 33.71 141.44 125.89 78.62 78.62 63.62 64.23 254.27 92.03 129.24 36.38 130.62 24.95 129.78 325.03 340.56 33.94 269.28 271.79 78.32 113.05 66.96 15.78 44.11 132.28 51.29 72.54 63.25 55.24 127.49 130.68 44.11 123.52 310.00 59.71 108.34 210.89 156.34 80.96 107.19 66.96 147.42 64.23 102.43 16.27 82.95 21.25 128.46 28.45
354.83 124.77 49.91 87.16 199.67 70.25 37.22 224.34 120.00 58.66 31.81 150.14 264.38 88.67 297.78 144.86 185.48 77.72 0.00 187.45 83.23 114.69 103.27 150.66 63.74 264.62 154.08 91.09 401.15 67.54 282.38 83.70 99.58 141.44 60.36 158.81 240.97 58.26 287.81 44.99 110.05 142.97 107.33 79.89 198.58 173.65 75.89 363.38 134.21 117.11 179.47 102.89 421.36 112.98 161.82 261.24 175.12 37.22 326.91 93.54 106.82 222.67 201.22 63.13 16.27 223.47 221.27 51.90 98.64 290.15 118.37 315.87 229.56 149.93 65.07 135.59 104.46 133.51 76.20 111.39 162.54 138.15 142.53 146.20 123.26 111.67 233.46 150.76 55.38 94.78 52.94 96.32 52.64 263.20 416.40 111.18 320.20 320.95 83.70 131.16 142.26 92.36 48.16 192.65 109.13 107.77 116.04 35.29 146.78 146.20 116.85 142.91 384.51 120.26 165.24 288.24 210.04 26.47 56.08 28.45 100.44 78.62 163.35 61.76 132.63 79.79 120.71 66.96
365.90 73.71 142.53 127.06 223.20 119.28 196.57 65.07 161.82 243.09 171.89 130.44 315.97 105.87 131.16 53.67 288.14 115.24 187.45 0.00 106.16 219.61 155.14 38.86 128.82 136.28 341.51 139.94 411.44 145.08 237.56 270.98 95.35 213.06 241.84 73.71 64.23 183.92 130.26 172.93 255.85 328.41 86.53 223.51 222.22 122.50 120.00 179.47 146.47 82.39 24.95 93.79 285.18 96.73 120.00 95.43 308.18 185.48 177.95 106.24 119.81 52.64 44.99 145.56 174.41 36.38 265.09 151.79 93.54 126.81 76.20 176.45 60.36 122.57 139.44 122.88 123.89 68.11 260.53 88.23 132.28 138.99 49.91 114.49 68.91 87.34 272.10 138.32 230.06 127.49 239.12 92.11 235.32 439.95 266.23 83.23 174.72 179.69 136.05 126.50 49.44 106.24 141.27 47.51 81.24 101.44 79.89 155.49 210.45 136.22 102.43 127.79 197.28 70.58 53.67 133.10 76.61 195.61 194.30 181.88 219.15 127.49 44.11 128.46 75.38 127.24 165.76 120.78
360.94 59.18 36.38 38.86 175.21 30.05 90.83 152.40 117.71 141.16 75.89 94.12 285.75 39.46 226.42 61.76 228.33 11.84 83.23 106.16 0.00 130.26 101.82 72.43 23.01 206.12 236.73 54.96 381.44 67.42 259.60 165.76 42.50 162.49 141.44 98.64 164.44 98.95 219.61 82.86 156.09 226.11 44.11 138.10 200.88 109.91 42.68 284.88 117.71 55.80 96.32 46.18 347.30 63.74 98.95 178.77 214.84 91.52 263.20 48.16 50.22 139.50 118.24 44.11 72.54 142.53 236.01 63.62 37.43 208.37 51.29 255.58 146.47 90.06 58.66 104.24 78.32 67.19 158.81 31.56 130.62 116.04 67.42 82.95 51.90 52.64 246.53 98.64 132.28 46.01 136.05 14.23 134.21 335.00 338.70 28.72 257.67 260.11 71.13 102.89 59.18 19.73 43.58 121.03 39.46 61.76 51.44 56.49 138.55 120.45 47.67 113.05 302.14 48.00 96.73 207.66 144.70 89.45 106.53 75.79 144.70 56.90 91.09 22.32 71.13 32.54 120.78 24.00
467.67 189.43 106.24 95.43 99.35 145.51 78.12 277.03 225.97 146.47 142.26 108.84 378.96 164.11 349.29 165.95 298.85 118.43 114.69 219.61 130.26 0.00 208.33 195.89 111.60 335.75 193.70 80.47 288.97 167.86 383.21 136.96 170.80 255.03 153.68 228.88 283.45 172.03 345.14 156.49 51.29 202.19 174.01 192.69 308.92 134.03 158.86 395.44 234.62 185.82 200.02 174.72 370.00 191.39 125.58 255.12 88.67 151.58 390.59 172.57 99.82 230.06 208.48 87.61 124.77 253.53 334.89 153.52 166.46 276.22 181.54 384.36 234.22 114.69 161.19 227.75 197.28 197.28 157.53 133.10 255.52 235.85 194.34 118.37 181.54 182.18 346.90 103.27 158.71 92.87 137.64 142.10 146.84 237.95 375.99 140.11 385.64 388.67 181.02 224.93 171.30 118.96 134.84 247.19 169.71 188.11 181.67 132.34 43.40 242.26 117.31 236.37 397.27 177.59 225.45 268.07 273.27 89.28 170.76 87.61 214.99 169.71 218.29 116.11 201.38 98.72 227.65 136.96
262.30 82.86 105.06 136.74 273.64 72.75 137.81 161.05 17.65 129.78 71.46 195.89 183.92 65.31 226.42 141.66 134.67 109.13 103.27 155.14 101.82 208.33 0.00 118.43 106.16 178.43 227.68 150.76 480.39 40.62 179.12 168.56 69.92 62.39 123.83 91.77 185.27 53.67 212.04 59.18 212.81 204.64 76.61 80.96 101.82 210.04 59.18 304.22 32.54 75.07 161.82 68.91 433.12 59.18 199.67 248.70 277.79 71.46 243.09 58.66 151.58 205.32 189.55 127.06 88.23 183.76 134.38 54.96 74.86 280.25 83.23 228.78 213.21 191.55 48.16 44.64 31.56 87.16 143.02 128.82 65.31 38.86 106.60 184.05 91.09 71.46 145.18 200.45 107.77 145.18 131.16 102.36 121.03 356.09 418.40 121.80 235.32 234.22 30.82 39.06 132.34 121.55 74.44 134.21 85.17 55.38 79.31 76.20 229.83 47.67 148.89 48.16 340.92 91.52 108.56 284.19 138.10 128.46 63.74 123.58 67.07 44.99 113.88 100.59 79.79 128.34 19.73 80.96
345.03 35.73 108.34 100.59 215.86 81.34 163.11 81.34 126.81 205.21 133.51 122.38 287.24 67.07 154.74 40.62 252.64 82.95 150.66 38.86 72.43 195.89 118.43 0.00 95.43 142.91 304.42 115.51 413.53 106.24 224.31 234.36 56.49 178.25 203.65 50.22 92.03 145.08 149.36 134.15 227.20 290.40 47.67 184.73 194.30 122.57 81.24 213.21 113.88 44.11 44.11 54.96 316.56 59.32 116.51 130.26 283.31 146.84 194.78 67.42 98.64 86.89 72.00 115.03 136.96 73.39 235.98 113.05 54.81 161.82 37.43 189.43 94.78 115.03 100.59 91.09 86.89 31.81 222.53 63.25 106.24 107.33 11.84 106.24 30.05 48.80 244.02 129.78 191.55 103.27 201.57 58.26 197.28 407.37 300.28 55.80 190.04 193.49 97.61 93.79 30.05 77.52 103.57 51.44 42.68 63.62 41.19 117.71 193.70 106.24 83.23 97.45 235.32 31.81 35.29 166.14 79.31 161.00 155.44 147.74 181.07 88.67 24.95 94.12 40.24 98.64 130.74 83.70
368.24 79.79 14.23 31.81 167.49 35.29 67.88 175.12 123.26 122.38 63.62 96.08 288.46 52.64 249.20 82.10 224.34 14.23 63.74 128.82 23.01 111.60 106.16 95.43 0.00 227.10 215.60 44.64 374.23 67.19 273.39 144.49 59.31 163.35 123.58 118.96 187.45 91.09 242.07 73.71 133.98 206.46 63.25 127.79 207.66 116.11 49.44 307.78 127.24 75.07 117.71 63.25 360.11 79.79 104.46 197.63 193.98 79.31 285.18 61.25 49.91 159.78 138.04 24.00 55.80 165.20 240.00 58.26 55.24 226.42 72.00 277.03 166.46 93.79 58.66 117.31 88.23 88.23 139.94 47.67 144.75 127.06 90.15 88.23 73.71 71.02 251.10 98.95 116.11 40.62 116.58 37.22 116.04 312.00 353.63 48.16 279.47 281.66 75.79 115.03 80.96 28.72 35.29 143.62 60.36 76.61 71.46 44.11 125.33 132.63 55.24 126.07 324.07 69.92 118.70 224.59 166.51 66.96 96.73 53.08 138.55 62.39 113.60 5.58 91.09 23.01 125.83 26.47
269.72 147.31 236.80 240.71 356.96 199.05 289.00 72.43 170.76 305.44 236.77 263.20 255.58 178.95 67.19 181.07 272.10 217.90 264.62 136.28 206.12 335.75 178.43 142.91 227.10 0.00 405.32 256.46 547.64 199.52 130.14 342.33 169.48 205.21 300.49 108.34 89.28 230.06 47.51 229.39 360.67 383.05 164.11 258.85 173.65 258.28 189.72 151.79 148.52 152.45 161.19 165.62 382.31 152.30 254.73 200.95 420.90 243.51 64.71 172.35 241.20 172.03 176.67 250.10 248.45 123.89 213.54 213.97 172.57 224.93 155.14 51.29 176.85 255.52 200.02 134.67 162.35 138.99 320.08 205.51 114.69 140.50 142.10 246.94 154.33 157.08 214.41 270.90 284.88 244.66 305.27 193.70 296.63 527.53 352.90 197.44 56.90 56.49 183.54 140.11 171.89 217.04 218.44 92.87 166.88 157.23 155.69 229.59 336.51 131.87 226.14 130.26 209.26 158.27 110.48 237.95 63.62 283.45 240.91 272.73 240.19 186.11 118.63 223.79 136.22 237.03 173.34 205.85
412.59 276.33 201.38 231.18 291.97 223.27 153.52 374.89 238.37 101.06 173.34 283.23 310.80 240.00 446.76 297.70 214.84 229.83 154.08 341.51 236.73 193.70 227.68 304.42 215.60 405.32 0.00 227.96 456.77 208.33 387.73 71.13 251.16 225.97 105.06 306.26 393.47 175.26 434.84 177.55 146.20 32.54 259.48 151.02 288.00 309.47 226.14 516.21 259.39 268.07 333.02 254.02 557.15 260.68 298.33 412.10 176.67 163.35 469.67 243.13 248.85 375.35 353.48 206.57 167.49 377.48 288.05 196.01 251.10 439.59 270.64 456.12 381.93 285.86 210.16 270.67 244.05 284.79 85.36 262.67 292.93 266.47 295.79 285.01 276.22 262.49 299.86 280.80 120.45 236.47 103.27 250.19 109.70 142.53 557.89 263.76 462.17 461.51 223.37 265.26 295.92 243.00 200.95 343.72 262.31 255.12 267.89 186.95 237.03 275.29 262.97 275.54 538.57 273.47 315.87 435.84 357.48 150.24 164.44 164.44 176.14 224.31 315.37 214.66 282.46 226.11 236.77 220.85
412.65 112.22 49.44 16.27 122.88 78.91 74.86 196.57 167.77 146.47 102.59 59.18 332.95 93.54 268.91 86.53 266.47 44.11 91.09 139.94 54.96 80.47 150.76 115.51 44.64 256.46 227.96 0.00 329.64 111.74 314.49 158.46 97.45 207.66 149.98 151.22 203.38 132.34 264.68 114.69 117.11 224.93 98.64 165.95 252.09 83.70 93.12 317.74 170.71 110.05 121.87 101.13 332.79 118.70 72.00 187.94 168.56 117.31 310.27 102.36 22.32 156.63 134.38 28.72 89.97 174.72 284.63 101.82 92.36 213.39 104.46 304.45 161.91 59.71 103.27 158.81 131.33 119.41 162.97 52.64 185.48 169.84 114.49 57.45 103.27 107.33 295.73 59.71 146.47 12.48 138.99 64.23 142.10 305.14 330.70 59.71 305.44 308.66 120.26 157.13 91.09 39.65 78.91 166.88 92.87 116.58 105.28 84.72 83.61 174.77 39.46 167.63 324.83 99.35 145.99 208.48 193.49 80.47 136.28 67.54 179.99 106.60 138.32 50.22 124.58 23.01 170.39 70.25
742.10 428.98 376.65 344.08 206.76 408.29 366.15 475.60 497.39 434.55 424.66 293.28 661.27 420.87 527.96 372.91 586.62 372.33 401.15 411.44 381.44 288.97 480.39 413.53 374.23 547.64 456.77 329.64 0.00 440.95 635.83 418.25 422.20 535.70 442.13 462.17 465.53 455.45 534.04 438.46 319.40 475.60 420.63 480.66 581.62 291.28 422.40 529.55 499.14 430.23 386.63 425.34 321.95 442.70 297.07 370.65 280.80 436.52 581.43 429.49 331.52 381.80 372.23 354.33 408.29 428.11 613.89 429.65 416.67 365.58 422.47 584.19 379.43 299.89 432.67 484.52 459.72 433.37 443.91 362.35 509.12 497.28 419.53 308.66 418.03 429.33 625.17 286.73 447.68 335.95 425.78 385.88 435.54 418.40 356.09 371.07 580.21 586.55 449.88 483.78 383.70 362.33 407.37 457.02 412.80 441.92 424.73 410.21 254.64 501.10 339.41 493.20 493.34 414.76 448.77 349.45 487.04 377.21 456.21 372.83 501.15 436.12 438.03 379.80 441.01 352.24 500.03 399.75
302.53 72.43 64.71 98.64 234.36 37.43 99.35 167.40 58.26 107.33 37.43 160.61 221.27 40.24 238.47 118.43 161.00 72.43 67.54 145.08 67.42 167.86 40.62 106.24 67.19 199.52 208.33 111.74 440.95 0.00 217.44 142.97 49.91 96.32 103.57 98.01 187.94 38.86 226.59 30.82 174.72 189.72 58.66 78.62 142.26 177.33 27.62 310.30 68.11 63.62 145.51 51.29 410.64 53.08 166.32 232.92 239.38 44.99 262.97 38.86 115.03 190.45 171.89 86.89 51.44 178.25 172.98 15.78 52.64 264.00 68.91 250.78 198.15 157.08 8.82 68.11 37.43 79.89 123.26 97.61 95.02 71.13 95.35 150.24 76.20 58.26 184.22 164.44 89.28 107.33 106.24 72.00 98.64 328.34 399.21 92.11 255.85 256.01 16.27 63.62 111.11 86.53 33.94 136.96 65.07 47.51 65.31 36.38 189.43 78.91 115.03 75.38 339.69 74.86 109.13 265.79 149.15 90.83 49.44 84.35 79.01 17.65 110.55 61.63 75.79 89.97 60.23 44.11
139.60 207.06 277.03 298.46 432.67 238.34 316.56 187.45 162.54 300.51 250.57 342.56 144.86 221.27 195.30 264.38 199.16 270.44 282.38 237.56 259.60 383.21 179.12 224.31 273.39 130.14 387.73 314.49 635.83 217.44 0.00 340.14 217.15 161.77 292.93 174.41 211.74 228.98 175.79 237.92 391.79 358.87 217.04 238.83 101.13 346.43 224.59 276.30 149.36 206.57 259.48 213.57 508.18 195.93 339.41 320.78 456.67 249.07 166.88 212.48 307.07 284.88 282.46 296.99 267.28 239.68 120.26 232.92 222.39 347.97 213.86 146.84 291.25 335.95 222.99 156.09 185.95 202.46 309.80 274.07 129.00 147.42 217.01 327.20 217.90 208.22 114.42 349.22 276.89 305.34 304.04 252.33 292.40 525.64 480.78 265.27 158.61 151.22 202.88 158.46 253.32 277.03 248.82 190.45 224.20 197.91 211.93 253.81 397.90 141.00 297.07 147.31 337.69 221.27 190.04 359.31 164.20 307.48 236.73 301.78 212.11 213.54 201.19 268.33 194.90 291.68 162.20 247.10
386.43 207.66 130.26 160.66 236.11 153.68 83.61 306.97 181.88 39.65 106.24 215.31 287.24 171.30 379.80 226.59 194.10 158.71 83.70 270.98 165.76 136.96 168.56 234.36 144.49 342.33 71.13 158.46 418.25 142.97 340.14 0.00 182.40 181.88 47.35 239.68 324.40 114.90 368.89 112.98 98.88 67.54 190.45 102.89 244.91 241.20 157.82 446.95 201.07 199.67 261.99 185.48 490.03 193.70 229.79 341.10 150.76 98.95 405.93 175.21 178.77 304.22 282.35 135.88 98.01 307.10 254.64 129.24 181.88 368.82 201.57 393.55 310.80 217.33 143.46 208.82 179.99 216.29 33.71 191.55 233.32 207.13 226.14 215.86 206.76 194.14 267.05 213.57 63.25 166.32 37.43 179.34 48.00 187.57 489.12 192.65 398.80 398.82 158.81 203.69 224.93 171.89 131.39 275.46 192.69 188.23 199.05 117.71 179.69 215.86 192.36 214.74 467.80 203.84 247.79 365.41 291.12 79.40 105.28 93.54 130.74 157.68 246.53 143.62 214.66 155.29 181.07 150.66
321.47 25.26 67.54 81.34 216.68 30.05 119.81 124.77 82.95 150.76 78.32 131.16 251.06 11.16 198.26 72.00 203.69 53.67 99.58 95.35 42.50 170.80 69.92 56.49 59.31 169.48 251.16 97.45 422.20 49.91 217.15 182.40 0.00 132.28 148.52 61.25 142.31 88.67 188.81 77.82 191.39 235.42 8.82 128.52 162.68 142.26 25.26 265.06 78.32 17.65 96.00 3.95 364.36 21.25 132.57 183.59 252.79 90.83 229.59 11.84 90.83 140.83 122.88 83.23 84.44 129.24 200.33 56.90 5.58 214.84 19.73 220.11 148.58 125.83 44.11 62.39 40.62 33.94 167.77 61.63 88.23 75.38 46.01 117.71 26.47 12.48 210.12 136.74 135.76 88.23 147.89 36.38 142.53 361.73 351.25 53.67 223.37 224.93 43.40 61.63 63.25 60.23 51.44 93.12 15.78 19.73 16.74 64.71 181.02 78.91 83.70 71.13 291.12 24.95 65.67 217.33 111.39 115.03 98.95 103.57 126.81 32.54 64.23 55.24 33.71 74.86 86.53 36.38
213.44 143.40 159.25 194.94 329.64 132.63 178.64 207.13 51.44 142.91 112.85 256.46 125.58 127.49 263.29 203.84 75.38 168.56 141.44 213.06 162.49 255.03 62.39 178.25 163.35 205.21 225.97 207.66 535.70 96.32 161.77 181.88 132.28 0.00 134.67 143.40 233.59 83.23 246.34 98.64 249.20 197.28 138.77 79.01 63.13 271.76 120.00 345.89 68.11 136.22 222.22 131.16 494.38 120.00 261.15 307.98 313.59 104.24 268.36 121.03 211.23 264.62 250.10 181.54 130.26 238.34 79.89 106.16 137.25 339.53 144.70 251.16 272.50 252.55 105.06 91.52 92.87 146.47 149.93 190.70 95.35 76.61 166.46 245.32 152.45 133.10 92.03 260.56 119.41 203.65 147.89 164.25 135.59 364.73 478.46 183.92 259.84 256.74 91.77 87.16 194.30 182.05 128.82 184.94 147.42 116.85 140.83 125.58 282.13 82.39 210.04 89.02 389.31 153.22 162.54 344.37 181.02 167.86 86.53 167.44 51.29 105.87 169.84 157.82 138.32 186.24 47.51 140.11
341.42 173.34 110.05 147.31 248.45 122.57 81.34 270.75 136.05 8.82 70.25 209.15 243.61 137.42 342.02 203.11 153.22 137.25 60.36 241.84 141.44 153.68 123.83 203.65 123.58 300.49 105.06 149.98 442.13 103.57 292.93 47.35 148.52 134.67 0.00 201.57 290.37 70.58 329.85 72.75 128.46 86.89 157.13 55.80 197.63 233.32 123.26 413.06 156.09 164.82 236.50 151.07 481.57 156.34 221.52 320.20 188.23 58.66 364.73 139.61 166.88 280.58 259.60 122.88 68.91 277.03 208.67 92.11 149.15 349.58 168.23 351.42 287.70 209.45 106.02 165.95 138.99 181.54 19.73 170.94 189.10 162.68 194.14 206.12 174.41 159.25 221.13 209.15 16.27 154.68 16.74 153.52 7.89 233.69 476.75 169.98 357.29 356.79 118.37 160.61 199.40 152.30 100.82 239.94 161.00 150.76 165.20 86.62 192.73 171.49 177.20 171.17 438.95 172.03 212.04 348.13 252.64 72.00 60.10 82.95 83.70 120.00 212.33 121.03 178.56 140.11 134.96 121.87
295.50 39.46 128.46 135.07 261.63 91.09 181.02 70.25 93.79 205.21 133.51 169.43 242.26 71.13 140.50 89.97 218.76 110.48 158.81 73.71 98.64 228.88 91.77 50.22 118.96 108.34 306.26 151.22 462.17 98.01 174.41 239.68 61.25 143.40 201.57 0.00 93.54 134.03 129.24 128.82 252.33 287.49 55.80 169.71 148.52 172.03 82.95 213.86 75.38 44.11 90.06 57.45 358.87 46.01 165.24 168.69 312.92 142.97 168.56 65.31 138.77 126.32 116.58 142.26 142.97 95.02 191.39 110.55 64.23 199.79 47.35 158.86 133.98 162.49 96.32 51.90 64.71 31.81 221.27 103.57 58.66 67.19 42.68 153.68 48.00 48.80 198.42 176.45 187.11 140.11 203.65 87.16 196.57 421.90 339.27 94.86 162.20 163.68 83.70 56.49 78.91 111.60 111.39 42.50 59.18 51.44 47.51 123.52 233.69 63.25 126.07 55.24 249.20 51.90 20.12 206.72 51.44 175.97 145.18 164.77 158.81 82.10 30.05 115.51 27.90 130.44 97.61 97.61
348.83 117.18 200.33 189.80 284.77 170.76 255.12 27.62 186.11 292.96 220.42 193.37 316.53 153.47 67.19 117.71 308.16 174.77 240.97 64.23 164.44 283.45 185.27 92.03 187.45 89.28 393.47 203.38 465.53 187.94 211.74 324.40 142.31 233.59 290.37 93.54 0.00 225.69 68.91 218.26 318.10 377.15 134.03 262.67 224.90 182.57 167.40 122.76 165.95 125.58 86.89 139.50 296.44 134.96 181.67 111.74 371.89 231.99 116.85 150.76 183.76 84.72 93.79 206.46 226.42 37.43 268.33 198.26 142.53 136.79 122.88 118.70 88.67 185.48 184.47 143.62 157.68 108.84 309.80 151.02 140.11 157.23 98.64 177.73 117.71 131.16 272.70 201.26 276.89 190.90 290.21 150.24 284.63 499.39 269.69 145.08 114.90 121.03 175.21 148.73 112.29 167.86 193.01 51.44 131.87 140.50 125.58 206.76 274.55 151.22 166.51 144.75 156.09 120.78 78.91 149.15 55.24 252.79 236.73 239.68 252.33 170.76 78.12 186.11 112.15 189.10 189.80 174.41
296.58 111.18 82.95 122.38 250.94 71.13 95.43 204.14 67.54 76.20 30.82 187.16 207.13 78.62 273.64 155.14 134.15 100.59 58.26 183.92 98.95 172.03 53.67 145.08 91.09 230.06 175.26 132.34 455.45 38.86 228.98 114.90 88.67 83.23 70.58 134.03 225.69 0.00 260.68 17.65 167.21 154.08 97.45 40.24 141.00 206.72 65.07 347.57 86.17 102.36 183.76 90.15 445.85 90.83 195.22 270.90 232.09 21.25 294.44 77.72 141.00 228.74 209.71 104.24 47.51 217.04 163.11 35.51 91.09 301.78 107.77 280.91 236.37 184.81 44.99 95.43 69.80 118.43 90.06 130.44 118.70 92.36 134.21 178.95 115.03 97.05 175.26 189.80 54.81 131.16 77.52 106.60 67.42 302.45 435.80 126.26 286.92 286.29 50.53 90.06 148.58 116.11 56.49 174.41 103.57 85.36 104.17 47.67 200.95 101.13 144.70 100.59 378.30 113.60 146.78 302.99 184.22 84.72 11.16 84.44 47.67 56.49 148.89 86.17 113.81 113.60 67.19 75.07
315.24 164.25 253.53 249.95 352.95 218.83 307.76 68.11 207.13 333.91 262.67 260.68 302.99 199.40 19.73 181.88 315.87 230.91 287.81 130.26 219.61 345.14 212.04 149.36 242.07 47.51 434.84 264.68 534.04 226.59 175.79 368.89 188.81 246.34 329.85 129.24 68.91 260.68 0.00 257.31 375.66 414.76 181.88 292.96 219.61 251.10 211.93 104.46 184.90 171.17 154.33 185.27 344.92 175.26 249.70 172.93 432.67 271.53 48.00 194.30 246.65 152.40 162.68 263.41 272.10 106.24 260.29 239.68 190.70 192.69 171.49 51.44 155.44 252.79 225.45 167.40 191.02 155.44 349.58 212.11 152.30 176.32 152.30 244.75 168.56 176.45 261.54 268.56 314.91 252.33 332.67 205.97 325.19 550.53 313.29 205.06 46.18 52.94 211.48 172.98 174.72 226.83 240.00 98.64 182.44 180.68 173.07 252.55 339.89 168.23 230.06 164.82 162.20 172.26 123.83 207.13 77.82 303.68 271.79 291.68 276.89 211.23 128.52 239.68 155.29 247.85 210.16 224.34
311.31 101.82 65.31 104.84 233.59 56.49 81.34 198.11 75.38 76.61 14.23 169.71 223.47 67.07 269.28 140.83 151.79 83.70 44.99 172.93 82.86 156.49 59.18 134.15 73.71 229.39 177.55 114.69 438.46 30.82 237.92 112.98 77.82 98.64 72.75 128.82 218.26 17.65 257.31 0.00 155.04 159.05 86.62 55.24 153.88 189.59 52.94 340.78 91.09 93.12 170.94 79.89 430.14 83.70 178.03 257.46 220.11 14.23 293.17 67.88 123.58 215.86 196.21 86.62 31.81 207.06 178.43 21.25 79.40 288.05 97.45 280.58 223.37 167.49 33.94 96.08 67.07 109.70 92.45 114.42 121.55 96.00 123.83 161.77 104.24 87.61 190.41 172.26 58.66 113.60 75.89 91.52 67.88 299.45 420.90 110.76 285.94 285.86 46.01 91.09 134.96 99.35 39.65 167.49 91.77 78.12 94.12 30.05 184.14 104.46 127.79 102.43 368.89 102.36 139.61 288.68 179.95 71.13 23.67 69.02 65.31 47.51 140.50 68.91 106.16 96.08 75.89 59.31
462.23 213.57 123.89 128.82 146.20 162.54 75.38 308.18 229.83 120.00 141.66 157.13 368.10 182.57 381.93 203.11 281.00 144.75 110.05 255.85 156.09 51.29 212.81 227.20 133.98 360.67 146.20 117.11 319.40 174.72 391.79 98.88 191.39 249.20 128.46 252.33 318.10 167.21 375.66 155.04 0.00 158.86 196.57 177.33 308.18 183.08 173.78 434.59 242.74 208.22 238.86 195.30 421.29 210.04 173.78 301.37 65.07 145.99 419.14 190.04 138.99 273.04 250.94 112.29 124.58 291.28 328.24 159.05 188.11 324.07 205.85 410.89 277.90 162.20 170.07 240.81 209.26 222.11 126.32 167.63 268.56 245.77 223.37 164.63 207.66 203.69 340.62 152.30 138.10 129.24 111.74 169.71 123.26 189.72 427.07 173.07 413.44 415.56 190.04 237.03 206.46 150.24 145.99 277.03 194.30 205.78 205.06 138.60 92.87 253.29 156.49 248.85 441.22 203.84 252.64 316.75 300.49 84.35 162.68 90.83 203.11 181.54 247.16 136.96 224.45 129.00 230.67 155.14
380.29 260.20 192.36 225.86 301.52 209.15 150.24 357.11 213.86 85.36 157.13 282.46 278.46 224.31 427.60 287.81 182.57 220.56 142.97 328.41 226.11 202.19 204.64 290.40 206.46 383.05 32.54 224.93 475.60 189.72 358.87 67.54 235.42 197.28 86.89 287.49 377.15 154.08 414.76 159.05 158.86 0.00 244.02 125.33 258.49 308.16 210.16 499.78 235.48 251.65 322.09 237.95 557.21 242.74 296.65 404.09 198.26 145.18 447.68 226.42 244.56 365.60 344.19 200.91 154.33 363.79 256.74 178.90 236.01 432.67 255.12 433.37 372.52 284.22 192.69 248.60 223.82 268.36 67.88 254.11 269.34 243.00 281.00 282.38 261.27 246.09 268.42 280.91 100.44 232.09 90.06 238.86 93.12 174.72 555.54 254.15 439.95 438.83 203.84 243.09 284.88 234.79 187.16 326.53 247.79 237.16 252.09 172.93 245.42 251.78 257.22 252.79 525.64 258.85 298.64 430.09 338.15 144.75 142.97 158.46 148.73 206.53 299.16 204.71 265.18 219.82 211.93 207.92
324.36 17.65 72.75 82.39 215.86 37.22 126.07 117.11 88.67 159.25 86.89 128.46 256.01 19.73 190.86 65.07 210.93 55.80 107.33 86.53 44.11 174.01 76.61 47.67 63.25 164.11 259.48 98.64 420.63 58.66 217.04 190.45 8.82 138.77 157.13 55.80 134.03 97.45 181.88 86.62 196.57 244.02 0.00 137.25 166.51 138.10 33.94 256.74 82.10 11.84 87.61 7.89 356.87 22.32 128.82 175.21 257.22 99.58 223.37 20.12 90.06 132.34 114.69 86.80 92.45 120.45 205.06 65.67 8.82 206.53 11.16 214.41 140.11 122.76 52.94 64.23 46.18 26.47 176.32 58.66 88.67 78.32 37.22 114.42 17.65 8.82 214.55 134.38 144.49 88.67 156.24 35.29 151.07 368.82 343.29 50.22 217.33 219.15 51.44 64.23 55.80 60.10 59.18 85.36 8.82 23.01 8.82 72.75 182.18 80.96 81.34 72.75 282.35 16.27 58.26 209.26 104.84 121.80 107.77 109.91 135.07 41.19 56.08 59.71 27.90 76.61 92.36 42.50
286.87 150.24 117.71 157.92 279.47 111.11 114.69 239.90 88.67 64.23 64.23 222.99 190.86 118.70 307.10 195.30 106.16 138.60 79.89 223.51 138.10 192.69 80.96 184.73 127.79 258.85 151.02 165.95 480.66 78.62 238.83 102.89 128.52 79.01 55.80 169.71 262.67 40.24 292.96 55.24 177.33 125.33 137.25 0.00 142.10 243.89 105.28 383.51 110.55 141.44 223.93 129.78 485.37 128.82 232.22 311.13 240.00 48.80 323.56 117.31 177.20 268.91 249.95 137.25 76.20 256.01 153.47 75.38 131.16 342.02 147.31 308.69 276.56 221.30 85.17 125.58 105.06 157.08 71.13 169.66 144.49 118.37 173.65 216.00 154.74 136.28 165.95 224.93 41.19 166.51 69.92 146.47 57.45 286.81 475.83 165.90 315.65 314.19 88.23 120.00 188.81 154.33 94.78 211.23 143.62 123.52 143.62 83.70 226.59 127.06 182.57 128.82 416.61 153.47 184.05 343.17 218.26 103.57 31.56 108.34 27.90 96.08 187.07 123.33 151.79 149.36 86.62 114.49
160.58 164.44 206.87 237.56 374.89 173.34 235.22 197.28 84.44 205.78 167.86 293.59 93.79 161.91 238.47 228.06 103.27 209.41 198.58 222.22 200.88 308.92 101.82 194.30 207.66 173.65 288.00 252.09 581.62 142.26 101.13 244.91 162.68 63.13 197.63 148.52 224.90 141.00 219.61 153.88 308.18 258.49 166.51 142.10 0.00 304.60 159.25 323.56 84.44 159.78 237.39 160.22 507.31 144.49 295.18 316.75 373.08 162.20 231.48 153.68 251.10 274.78 264.62 228.88 185.48 239.38 43.58 155.64 168.23 347.50 168.56 212.48 282.38 288.46 149.98 104.24 122.88 164.11 213.06 224.31 89.97 88.67 183.54 280.39 175.26 158.71 49.91 298.85 182.18 245.77 210.45 198.58 198.26 427.60 486.72 216.29 222.67 217.90 131.87 102.89 217.29 220.42 176.19 183.59 175.21 143.62 165.24 176.67 331.64 88.23 246.09 97.05 374.98 177.33 168.56 355.06 169.66 224.93 146.41 222.39 114.42 145.51 178.43 202.11 155.29 229.39 82.10 181.88
461.79 142.31 126.81 86.89 102.59 139.94 157.92 187.57 224.66 230.06 179.69 26.47 393.15 144.86 249.07 82.10 338.15 106.24 173.65 122.50 109.91 134.03 210.04 122.57 116.11 258.28 309.47 83.70 291.28 177.33 346.43 241.20 142.26 271.76 233.32 172.03 182.57 206.72 251.10 189.59 183.08 308.16 138.10 243.89 304.60 0.00 151.84 276.56 220.18 145.51 97.61 144.49 249.17 160.22 11.84 123.83 217.01 195.30 299.08 152.25 67.19 108.34 90.83 110.55 170.07 146.20 342.56 172.35 136.79 142.53 136.96 298.72 110.05 24.00 168.56 201.57 182.78 145.18 246.65 81.24 223.20 216.29 129.42 27.90 131.16 146.04 352.37 30.82 228.84 78.91 222.67 107.69 225.45 371.91 248.45 88.67 296.44 301.78 179.99 202.11 93.12 91.09 150.24 166.32 129.42 161.00 139.94 160.22 106.24 218.26 62.39 209.71 268.30 128.46 157.68 134.03 196.37 164.11 212.81 151.22 253.65 165.90 146.84 120.71 153.47 95.02 228.06 133.51
